run
File: data/pursuit/problem_0/dict.bin, Buffer size:        4096 bytes, Read:        4096 bytes
File: data/pursuit/problem_0/x.bin, Buffer size:         256 bytes, Read:         256 bytes
File: data/pursuit/problem_0/y.bin, Buffer size:          64 bytes, Read:          64 bytes

X: 
0 0 0 0 0 0 0 -1.2785 0 0 0 0 0 0 0 0 0 0 0 0 0 0 0 0 0 0 0 0 0 0 0 0 0 0 0 0 0 0 0 0 0 0 0 0 0 0 0 0 0 0 0 0 1.6323 0 0 1.5468 0 1.0975 0 0 0 0 0 0 

X support: 
7 52 55 57 

Y: 
-0.2348 -0.5138 -0.5239 -0.7521 -0.7470 1.0323 0.0786 -0.4624 1.5434 -0.4702 -0.8467 -0.0899 0.9294 -0.8423 -0.1470 -0.2253 
Y energy: 7.977539

Dictionary: 
0.1916 0.0639 -0.2557 -0.2509 -0.4173 0.1707 0.3038 -0.1291 0.0062 -0.1452 
-0.0166 -0.1713 -0.0088 0.0075 0.1432 0.6113 -0.0344 -0.0750 -0.0715 0.2747 
0.1888 0.1934 -0.0487 0.1272 -0.0520 -0.1576 -0.3795 0.3026 -0.4782 -0.0456 
-0.0541 -0.2497 0.1855 0.2535 -0.0575 0.0443 -0.1490 -0.0765 -0.0780 -0.1197 
-0.0328 -0.2326 0.3232 0.3557 0.4164 -0.0195 0.2404 0.1932 -0.2272 -0.0597 
0.3936 -0.1762 0.3279 0.0198 0.0855 -0.4570 -0.1903 -0.5653 -0.2675 -0.1723 
0.3723 -0.6409 -0.2553 -0.3436 0.0580 -0.1037 0.1705 -0.0975 -0.3160 -0.2276 
0.3744 0.3131 0.0228 -0.1710 0.4658 -0.4243 0.0220 -0.2269 -0.1458 0.5134 
0.1774 0.0708 -0.3589 -0.2445 -0.2360 0.1987 0.2550 -0.4345 -0.5472 0.3365 
-0.3190 -0.1643 -0.3291 0.5415 0.2044 -0.2099 -0.3480 0.1399 0.2634 0.0625 


Dictionary energy column wise: 
0.9999 0.9999 0.9999 1 1 1 0.9999 1 0.9999 0.9999 1 0.9999 1 1 1 1 0.9999 0.9999 0.9999 1 0.9999 0.9999 1 0.9999 0.9999 1 1 0.9999 1 1 1 0.9999 1 0.9999 0.9999 0.9999 0.9999 1 0.9999 1 1 1 1 0.9999 1 1 1 0.9999 1 1 1 0.9999 0.9999 0.9999 0.9999 1 1 1 0.9999 1 1 0.9999 1 1 

Products: 
0.2965 -0.0783 -0.7899 -1.0381 -0.6106 -0.0473 0.8535 -2.0649 -0.6655 0.3181 -0.7864 1.2298 -0.3535 -0.4287 0.8738 0.2327 -1.5382 -0.3628 -0.5869 -0.4287 -0.7650 -0.6103 -0.4524 0.1752 -0.2339 -0.0693 -0.6566 -0.6379 0.5426 0.5582 -0.9137 0.4468 -0.8717 -0.0065 0.0613 0.5159 -0.4052 0.0307 -0.1288 -0.0668 1.1285 0.4571 0.7227 -0.0505 1.3667 0.4258 -0.4321 -0.6205 1.3596 -0.6835 -0.3622 -0.1199 0.9144 0.6503 -0.2835 1.4644 -0.3217 1.4389 -0.6163 -0.7534 -0.3730 0.4321 -1.0091 -0.1387 

Max location:           7, value: -2.064911

Current atom
-0.1291 -0.0750 0.3026 -0.0765 0.1932 -0.5653 -0.0975 -0.2269 -0.4345 0.1399 0.0776 0.0092 -0.3674 0.3106 0.0964 -0.0823 

Scaled current atom
0.2666 0.1549 -0.6250 0.1580 -0.3991 1.1674 0.2013 0.4685 0.8972 -0.2890 -0.1604 -0.0190 0.7588 -0.6415 -0.1992 0.1701 

Updated residual
-0.5014 -0.6688 0.1010 -0.9102 -0.3478 -0.1350 -0.1226 -0.9310 0.6462 -0.1811 -0.6862 -0.0709 0.1705 -0.2008 0.0522 -0.3955 

Residual energy: 3.713562

Products: 
-0.4319 0.1018 -0.5844 -0.1233 -0.7396 0.0625 0.2814 -0 -0.0702 0.1161 -0.4949 0.1535 -0.2105 -0.0588 0.3238 0.2211 -0.7413 0.4310 -0.1979 0.4152 -0.2138 0.1560 -0.2648 -0.7572 -0.0470 0.5203 -0.2560 -0.3582 -0.0364 0.1027 -0.3760 0.4510 -0.1214 0.2628 -0.5151 0.2156 -0.2707 -0.5881 -0.0092 0.2279 0.6712 -0.0572 0.2233 0.0030 1.0091 0.5149 0.1456 -0.6882 0.5507 -0.0115 -0.1847 -0.0638 1.1013 0.9741 0.2745 0.5213 -0.1621 1.0108 -0.3368 -0.3319 -0.3812 0.1937 -0.8882 0.0278 

Max location:          52, value: 1.101318

Current atom
-0.2121 -0.6387 0.1301 -0.0596 -0.0410 0.0842 -0.2950 -0.1516 0.2384 0.1242 -0.2662 -0.4579 -0.1187 0.0444 0.1958 0.0194 

Scaled current atom
-0.2336 -0.7034 0.1433 -0.0656 -0.0451 0.0928 -0.3249 -0.1669 0.2626 0.1368 -0.2933 -0.5043 -0.1307 0.0489 0.2156 0.0214 

Updated residual
-0.2677 0.0346 -0.0422 -0.8445 -0.3026 -0.2278 0.2022 -0.7640 0.3836 -0.3179 -0.3929 0.4334 0.3013 -0.2498 -0.1634 -0.4169 

Residual energy: 2.500488

Products: 
-0.0503 -0.3112 -0.3868 -0.2397 -0.4583 0.4011 0.3342 -0.0997 -0.0714 0.0945 -0.5105 0.1182 -0.3486 -0.0071 0.1187 0.4656 -0.5116 0.4423 -0.2258 0.0610 -0.4423 0.1183 -0.2325 -0.3726 -0.1676 -0.0109 -0.3152 -0.2904 0.3056 0.2458 -0.2582 0.3004 -0.2938 0.0863 -0.2649 0.3110 -0.0142 -0.5712 0.2758 0.1000 0.6648 0.0509 -0.2150 0.1820 0.7300 -0.0861 -0.3928 -0.7911 0.3507 -0.3191 -0.2548 -0.3127 0 0.9200 -0.2394 0.9786 -0.1131 0.9703 -0.4597 0.2367 -0.0256 0.0327 -0.5241 0.2659 

Max location:          55, value: 0.978699

Current atom
-0.1280 0.1340 -0.3741 -0.2046 -0.3827 0.1285 0.4263 -0.1944 0.1429 -0.1651 0.0334 0.3917 0.0393 -0.3395 -0.2807 -0.0556 

Scaled current atom
-0.1253 0.1311 -0.3662 -0.2003 -0.3746 0.1258 0.4172 -0.1903 0.1398 -0.1616 0.0327 0.3834 0.0385 -0.3323 -0.2747 -0.0544 

Updated residual
-0.1424 -0.0965 0.3239 -0.6442 0.0719 -0.3536 -0.2150 -0.5737 0.2437 -0.1563 -0.4256 0.0499 0.2628 0.0825 0.1113 -0.3624 

Residual energy: 1.542511

Products: 
-0.2251 0.1049 -0.3394 0.1309 -0.4718 0.2845 0.3322 0.3472 -0.0803 0.1851 -0.2644 -0.0586 0.0337 -0.0422 -0.1757 0.2956 -0.1518 0.3621 -0.1081 0.1178 0.0263 0.1889 -0.0994 -0.6140 0.0799 0.2557 0.0368 -0.2942 -0.0004 0.0521 -0.1008 -0.0075 0.0642 0.4666 -0.4188 0.0362 -0.0733 -0.4421 -0.0377 -0.0199 0.5096 -0.0444 -0.0916 0.0769 0.7367 0.0042 0.0143 -0.2554 0.1381 0.0419 -0.2417 0.1036 0.4064 0.7149 0.1032 0 0.0072 0.9599 -0.0566 0.0338 -0.1269 -0.0925 -0.5722 -0.1564 

Max location:          57, value: 0.959991

Current atom
0.1315 0.2054 0.2089 -0.3973 0.1450 -0.0245 -0.2041 -0.1862 0.3440 -0.2173 -0.3320 0.0576 0.5398 0.0068 0.0827 -0.2518 

Scaled current atom
0.1263 0.1972 0.2005 -0.3815 0.1392 -0.0235 -0.1959 -0.1787 0.3302 -0.2087 -0.3187 0.0553 0.5182 0.0065 0.0794 -0.2418 

Updated residual
-0.2687 -0.2937 0.1233 -0.2627 -0.0672 -0.3301 -0.0191 -0.3949 -0.0864 0.0523 -0.1069 -0.0053 -0.2553 0.0759 0.0318 -0.1206 

Residual energy: 0.620850

Products: 
-0.3428 0.0360 -0.0815 0.1819 -0.2138 -0.0113 -0.1701 0.5463 0.1931 -0.0810 -0.0543 -0.2610 -0.0841 0.1138 0.0307 0.0163 -0.0330 0.3457 0.0679 0.4163 0.0452 0.2590 -0.0313 -0.4271 -0.0025 0.3171 -0.0157 0.0295 -0.1817 -0.1071 0.0370 0.2202 0.1487 0.0295 -0.2717 0.0037 -0.0424 -0.3341 0.0740 0.2104 -0.0069 -0.1740 -0.0556 0.0052 0.0874 0.2376 0.2145 -0.2831 -0.0598 0.1754 0.0516 -0.0747 0.3711 0.3242 0.2416 -0.0101 -0.0277 0 -0.0668 0.0078 -0.1171 0.0404 -0.1605 0.1499 

Max location:           7, value: 0.546356

Current atom
-0.1291 -0.0750 0.3026 -0.0765 0.1932 -0.5653 -0.0975 -0.2269 -0.4345 0.1399 0.0776 0.0092 -0.3674 0.3106 0.0964 -0.0823 

Scaled current atom
-0.0705 -0.0410 0.1653 -0.0418 0.1055 -0.3088 -0.0532 -0.1239 -0.2374 0.0764 0.0424 0.0050 -0.2008 0.1697 0.0527 -0.0450 

Updated residual
-0.1982 -0.2526 -0.0419 -0.2208 -0.1728 -0.0212 0.0341 -0.2709 0.1509 -0.0240 -0.1493 -0.0103 -0.0545 -0.0937 -0.0208 -0.0755 

Residual energy: 0.322296

Products: 
-0.1501 -0.0116 -0.1358 -0.0600 -0.1797 -0.0404 -0.0187 -0 0.0356 -0.0276 -0.1315 0.0237 -0.1219 0.0159 0.1762 0.0194 -0.2438 0.1356 -0.0349 0.1930 -0.1005 0.0562 -0.0809 -0.1804 -0.0519 0.1610 -0.1217 -0.0444 -0.0285 0.0133 -0.1052 0.2191 -0.0497 -0.0417 -0.1192 0.0832 -0.0780 -0.1703 0.0424 0.1323 0.1139 -0.0379 0.0764 -0.0089 0.1820 0.2140 0.0617 -0.2652 0.1542 -0.0023 0.0046 -0.0896 0.3217 0.2385 0.0939 0.2393 -0.0699 0.1133 -0.1407 -0.1036 -0.1149 0.1034 -0.1925 0.1058 

Max location:          52, value: 0.321716

Current atom
-0.2121 -0.6387 0.1301 -0.0596 -0.0410 0.0842 -0.2950 -0.1516 0.2384 0.1242 -0.2662 -0.4579 -0.1187 0.0444 0.1958 0.0194 

Scaled current atom
-0.0682 -0.2055 0.0418 -0.0191 -0.0132 0.0270 -0.0949 -0.0487 0.0766 0.0399 -0.0856 -0.1473 -0.0382 0.0142 0.0629 0.0062 

Updated residual
-0.1299 -0.0471 -0.0838 -0.2016 -0.1596 -0.0483 0.1291 -0.2221 0.0742 -0.0640 -0.0636 0.1369 -0.0163 -0.1080 -0.0838 -0.0818 

Residual energy: 0.218750

Products: 
-0.0385 -0.1323 -0.0781 -0.0940 -0.0975 0.0585 -0.0033 -0.0291 0.0352 -0.0339 -0.1361 0.0134 -0.1622 0.0310 0.1163 0.0908 -0.1767 0.1388 -0.0430 0.0895 -0.1673 0.0452 -0.0715 -0.0680 -0.0872 0.0058 -0.1390 -0.0246 0.0714 0.0551 -0.0708 0.1750 -0.1000 -0.0932 -0.0461 0.1110 -0.0030 -0.1653 0.1257 0.0949 0.1121 -0.0062 -0.0516 0.0433 0.1004 0.0384 -0.0956 -0.2952 0.0958 -0.0922 -0.0158 -0.1623 -0 0.2227 -0.0562 0.3729 -0.0556 0.1015 -0.1766 0.0625 -0.0110 0.0564 -0.0862 0.1754 

Max location:          55, value: 0.372955

Current atom
-0.1280 0.1340 -0.3741 -0.2046 -0.3827 0.1285 0.4263 -0.1944 0.1429 -0.1651 0.0334 0.3917 0.0393 -0.3395 -0.2807 -0.0556 

Scaled current atom
-0.0477 0.0499 -0.1395 -0.0763 -0.1427 0.0479 0.1589 -0.0725 0.0532 -0.0616 0.0124 0.1461 0.0146 -0.1266 -0.1047 -0.0207 

Updated residual
-0.0821 -0.0971 0.0556 -0.1253 -0.0168 -0.0962 -0.0298 -0.1496 0.0209 -0.0024 -0.0761 -0.0091 -0.0310 0.0186 0.0209 -0.0610 

Residual energy: 0.079620

Products: 
-0.1051 0.0262 -0.0600 0.0471 -0.1027 0.0140 -0.0040 0.1411 0.0317 0.0006 -0.0423 -0.0539 -0.0165 0.0177 0.0040 0.0260 -0.0396 0.1083 0.0018 0.1111 0.0112 0.0721 -0.0208 -0.1600 0.0071 0.1074 -0.0049 -0.0260 -0.0451 -0.0186 -0.0108 0.0577 0.0364 0.0516 -0.1047 0.0063 -0.0255 -0.1161 0.0062 0.0491 0.0529 -0.0426 -0.0046 0.0033 0.1030 0.0729 0.0595 -0.0911 0.0148 0.0453 -0.0109 -0.0036 0.1548 0.1445 0.0743 -0 -0.0098 0.0975 -0.0230 -0.0147 -0.0495 0.0087 -0.1045 0.0144 

Max location:          23, value: -0.160095

Current atom
0.5930 0.2346 -0.0772 0.1048 -0.2534 0.4593 0.2301 0.1925 -0.2142 0.0782 -0.1365 -0.0761 -0.1394 -0.2509 -0.2222 -0.0513 

Scaled current atom
-0.0949 -0.0375 0.0123 -0.0168 0.0405 -0.0735 -0.0368 -0.0308 0.0343 -0.0125 0.0218 0.0121 0.0223 0.0401 0.0355 0.0082 

Updated residual
0.0127 -0.0595 0.0433 -0.1085 -0.0574 -0.0227 0.0069 -0.1187 -0.0133 0.0101 -0.0979 -0.0213 -0.0533 -0.0214 -0.0146 -0.0693 

Residual energy: 0.053986


